run-1

objective fn value:  50971.9069366465
K means labels [ 0  0  0 ... 18  9  9]
Confusion matrix is:  [[ 0  0  0  0  0  0  0  0  0  0  0  0  0  0  0  0  0  0  0  0  0  0  0  0
   0  0  0]
 [16  0  0  3  0  0  2  0  0  0  1  1  0  1 12  0  0  0  0  0  0  0  0  2
   1  0  0]
 [ 0  4  0  1  1  0  0  0  1  2  1  3  1  0  1  0  0  0  1  0  0  1 21  1
   0  0  0]
 [ 0  6  0  0 32  0  0  0  0  0  0  0  0  0  0  0  1  0  0  0  0  0  0  0
   0  0  0]
 [ 0  3  0  0  0  0  0  0  2  1  0  0  0  0  0  0 10  0 13  1  0  7  1  0
   0  1  0]
 [ 0  4  0  0  2  0  0  0  0  1  0  0 27  0  0  0  0  0  2  0  2  0  0  1
   0  0  0]
 [ 2  0  0 15  0  0  0  0  0  0  0  0  0  0  0  0  0  4  0  0 11  0  0  7
   0  0  0]
 [ 0  2  1  0  4  0  2  0  1  0  0  0  0  0  7  1  1  1  0  0  6  3  0  0
   0 10  0]
 [ 1  0  0  0  0  0  8  0  0  0  1  0  0  2  1  2  0  0  0  0  0  0  0  3
  21  0  0]
 [ 0  1  0  0  0  1  0  0  2  0  0  0  0  0  2  0  0  0  6 26  1  0  0  0
   0  0  0]
 [ 0  0  1  0  0  0  0  0 22  0  0  0  0  0  0  0  1  0  0 12  3  0  0  0
   0  0  0]
 [ 0  0  1  0  0  1  0  5  0  0 25  0  0  0  0  0  0  6  1  0  0  0  0  0
   0  0  0]
 [ 0 11  0  0  2  0  0 20  0  1  0  0  0  0  0  0  0  0  5  0  0  0  0  0
   0  0  0]
 [ 1  0  0  0  0  0  8  0  0  0  0  0  0  0  0  1  0  1  0  0  0  1  0  1
  26  0  0]
 [ 0  0  0  0  0  0 24  0  0  0  0  0  0  3  0  1  0  1  0  0  0  1  0  3
   6  0  0]
 [ 0  3  0  0  4  0  0  0  0  0  0  0  0  0  0  0 22  0  1  0  0  9  0  0
   0  0  0]
 [ 1  0  0 19  0  0  0  0  0  0  0  0  0  0  0  0  0  0  0  0  0  5  0 11
   0  3  0]
 [ 0  0  0  0  2  0  0  0  0  0  0  1  0  0  4  0  3  2  0  0  0  5  0  0
   0 22  0]
 [ 2  2  0  4  3  0  0  0  0  2  0 19  0  0  2  0  0  1  1  0  1  0  0  2
   0  0  0]
 [ 0  2  0  0  1  0  0  0  6  0  0  0  1  0  0  0  0  0  0  1  0  1 27  0
   0  0  0]
 [ 1  0  0  0  0  0  0  0  1  0  0  0  0  1  0  0  0 12  1 15  8  0  0  0
   0  0  0]
 [ 0  0  1  0  0  0  0  3  0  0  1  0  0  1  3 25  0  0  0  0  0  5  0  0
   0  0  0]
 [ 0  0 32  0  0  0  1  1  0  0  0  0  0  1  0  3  0  1  0  0  0  0  0  0
   0  0  0]
 [ 0  0  4  0  0  0 14 10  0  0  2  0  0  1  0  7  0  0  0  0  0  0  0  0
   1  0  0]
 [ 1  0  1  0  0 21  0  0  0  0 14  0  0  1  0  0  0  1  0  0  0  0  0  0
   0  0  0]
 [ 0  0  3  0  0 12  2  0  0  0  0  0  0 19  0  0  0  1  0  0  0  0  0  0
   2  0  0]
 [ 0  2  0  0  0  0  0  0  0 18  0  0  0  0  0  0  0  0 17  2  0  0  0  0
   0  0  0]]
accuracy of k means is: 48.5207100591716
re ordered matrix : [[16  0  0  1  0  1  0  0  0  0  0  2  0  0  0  0  0  1  0  0  2  0  0  1
   1  0  0]
 [ 0  4  0  0  6  0  0 11  0  2  0  2  4  0  2  0  3  0  3  1  0  0  2  0
   0  0  0]
 [ 0  0 32  0  0  1  0  0  1  0  1  0  0  3  1  1  0  0  0  0  0  0  0  0
   0  0  4]
 [ 3  1  0 19  0  0  0  0  0  0  0  4  0  0  0  0  0  0  0  0 15  0  0  0
   0  0  0]
 [ 0  1  0  0 32  0  0  2  0  0  0  3  2  0  4  0  4  0  0  0  0  0  1  0
   0  2  0]
 [ 0  0  0  0  0 21  0  0  0  0  1  0  0 12  0  0  0  0  0  1  0  0  0  0
   0  0  0]
 [ 2  0  1  0  0  0 24  0  0  0  0  0  0  2  2  0  0  0  0  0  0  0  0  8
   8  0 14]
 [ 0  0  1  0  0  0  0 20  0  0  5  0  0  0  0  3  0  0  0  0  0  0  0  0
   0  0 10]
 [ 0  1  0  0  0  0  0  0 22  0  0  0  0  0  1  0  0  1  2  2  0  0  6  0
   0  0  0]
 [ 0  2  0  0  0  0  0  1  0 18  0  2  1  0  0  0  0  0  1  0  0  0  0  0
   0  0  0]
 [ 1  1  0  0  0 14  0  0  0  0 25  0  0  0  0  1  0  0  0  0  0  0  0  1
   0  0  2]
 [ 1  3  0  0  0  0  0  0  0  0  0 19  0  0  0  0  0  0  0  0  0  0  0  0
   0  1  0]
 [ 0  1  0  0  0  0  0  0  0  0  0  0 27  0  0  0  0  0  0  0  0  0  1  0
   0  0  0]
 [ 1  0  1  0  0  1  3  0  0  0  0  0  0 19  0  1  0  1  0  0  0  0  0  2
   0  0  1]
 [12  1  0  0  0  0  0  0  0  0  0  2  0  0  7  3  0  0  0  2  0  0  0  1
   0  4  0]
 [ 0  0  3  0  0  0  1  0  0  0  0  0  0  0  1 25  0  0  0  0  0  0  0  2
   1  0  7]
 [ 0  0  0  0  1  0  0  0  1  0  0  0  0  0  1  0 22  0 10  0  0  0  0  0
   0  3  0]
 [ 0  0  1  0  0  1  1  0  0  0  6  1  0  1  1  0  0 12  0  0  4  0  0  0
   1  2  0]
 [ 0  1  0  0  0  0  0  5  0 17  1  1  2  0  0  0  1  1 13  6  0  0  0  0
   0  0  0]
 [ 0  0  0  0  0  0  0  0 12  2  0  0  0  0  0  0  0 15  1 26  0  0  1  0
   0  0  0]
 [ 0  0  0  0  0  0  0  0  3  0  0  1  2  0  6  0  0  8  0  1 11  0  0  0
   0  0  0]
 [ 0  1  0  5  0  0  1  0  0  0  0  0  0  0  3  5  9  0  7  0  0  0  1  0
   1  5  0]
 [ 0 21  0  0  0  0  0  0  0  0  0  0  0  0  0  0  0  0  1  0  0  0 27  0
   0  0  0]
 [ 2  1  0 11  0  0  3  0  0  0  0  2  1  0  0  0  0  0  0  0  7  0  0  3
   1  0  0]
 [ 1  0  0  0  0  0  6  0  0  0  0  0  0  2  0  0  0  0  0  0  0  0  0 21
  26  0  1]
 [ 0  0  0  3  0  0  0  0  0  0  0  0  0  0 10  0  0  0  1  0  0  0  0  0
   0 22  0]
 [ 0  0  0  0  0  0  0  0  0  0  0  0  0  0  0  0  0  0  0  0  0  0  0  0
   0  0  0]]
accuracy of k means is: 48.5207100591716

run-2

objective fn value:  50768.152278906615
K means labels [21 21 21 ...  6  6  6]
Confusion matrix is:  [[ 0  0  0  0  0  0  0  0  0  0  0  0  0  0  0  0  0  0  0  0  0  0  0  0
   0  0  0]
 [ 0  2  0  0  1  0  0  0  0  0  1  1  1  0  0  2  1  0  1  0  2 23  3  0
   1  0  0]
 [ 0  0  0  0  0  1  0  0  7  0  0  2  0  0  1  4  0  0  0  0  3  1  1  0
  19  0  0]
 [ 0  0  0  0  0  0  0  0  0  0  0  0  0  0  0  8  0 31  0  0  0  0  0  0
   0  0  0]
 [ 0  1  0  1  0 10  8  0  0  0  0  0  0  0  3  5  0  0  0  3  0  1  0  0
   7  0  0]
 [ 7  1  0  0  0  0  0  0  0  0  0  0  0  0  0  8  5  0  0  0 16  0  2  0
   0  0  0]
 [12  0  0  3  0  0  0  0  0  0  0  0  0  0  0  0  1  0  0  0 11  0 12  0
   0  0  0]
 [10  8  1  0  1  1  0  0  0  0  0  0  2  0  1  2  0  3  0  7  0  2  0  0
   1  0  0]
 [ 0  0  2  0  4  0  0  1  0  0  6  1  0  0  0  0  0  0 21  0  0  0  4  0
   0  0  0]
 [ 0  0  0  9  0  0  8  0  0  0  0  0  2  0  2  0  4  0  0  0  0  2  0 12
   0  0  0]
 [ 0  0  0  2  0  1  0  0  0  0  0  0  0  0 17  0  0  0  0  0  0  0  0 19
   0  0  0]
 [ 0  0  0  0  0  0  0  0  0  2  0 22  7  1  0  0  3  0  0  0  0  0  0  0
   0  4  0]
 [ 0  0  0  0  0  0  0  0  0  0  0  0  1  0  0  1 14  0  0  0  0  0  0  0
   0 23  0]
 [ 0  0  0  0  1  0  0  0  0  0 25  1  0  0  0  0  0  0  6  0  0  4  1  0
   1  0  0]
 [ 0  0  1  0 11  0  0  0  0  0 16  1  1  0  0  1  0  0  3  0  0  1  4  0
   0  0  0]
 [ 0  0  0  0  0 25  0  0  0  0  0  0  0  0  0 10  0  1  0  1  0  0  0  0
   2  0  0]
 [ 0  3  0  0  0  0  0  0  0  0  0  0  0  0  0  1  0  0  0  5 16  0 14  0
   0  0  0]
 [ 0 10  0  1  0  1  0  0  0  0  0  0  0  0  0  4  0  2  1 18  0  1  0  1
   0  0  0]
 [ 0 14  0  0  0  0  0  0  0  0  0  5  1  0  0  3  4  2  0  1  5  1  3  0
   0  0  0]
 [ 2  1  0  0  0  0  0  0 24  0  0  0  0  0  6  2  0  0  0  0  0  0  0  1
   3  0  0]
 [ 0  0  1 17  0  0  0  0  1  0  0  0  2  0  0  0  0  1  0  0  0  0  2 15
   0  0  0]
 [ 0  0  0  0  0  0  0 24  0  0  0  1  0  3  0  3  0  0  1  4  0  0  0  0
   0  3  0]
 [ 0  0  3  0  2  0  0  3  0  0  0  0  3 27  0  0  0  0  0  0  0  0  0  0
   0  1  0]
 [ 0  2  1  0 18  0  0  7  0  0  1  2  0  5  0  0  0  0  2  0  0  0  0  0
   0  1  0]
 [ 0  0  0  0  0  0  0  0  0 22  0  8  8  0  0  0  0  0  0  0  0  0  1  0
   0  0  0]
 [ 0  0 18  0  3  0  0  0  0  0  1  0 14  2  0  0  0  0  1  0  0  0  0  0
   0  0  0]
 [ 0  0  0  0  0  0 32  0  0  0  0  0  0  0  0  0  5  0  0  0  0  0  0  2
   0  0  0]]
accuracy of k means is: 47.43589743589743
re ordered matrix : [[12  0  0  0  0  0  0  0  2  0  0  0 10  0  0  0  0  0  0  0  7  0  0  0
   0  0  0]
 [ 0 14  0  0  2  0  0  0  1  0  0  0  8  0  0  1  0  0  0 10  1  2  3  0
   0  0  0]
 [ 0  0 18  1  1  0  0  0  0  0  0  0  1  3  0  0  0  0  2  0  0  0  0  0
   0  0  1]
 [ 3  0  0 17  0  0  0  0  0  0  0  0  0  0  2  1  0  0  0  1  0  0  0  9
   0  0  0]
 [ 0  0  3  0 18  0  0  0  0  0  1  0  1  2  0  0  0  0  4  0  0  1  0  0
   0  0 11]
 [ 0  0  0  0  0 25  0  0  0  0  0  0  1  0  1 10  0  0  0  1  0  0  0  0
   1  0  0]
 [ 0  0  0  0  0  0 32  0  0  0  0  0  0  0  0  8  0  0  0  0  0  0  0  8
   0  0  0]
 [ 0  0  0  0  7  0  0 24  0  0  0  0  0  3  0  0  0  0  1  0  0  0  0  0
   0  0  0]
 [ 0  0  0  1  0  0  0  0 24  0  0  0  0  0  0  0  0  0  0  0  0  0  0  0
   7  0  0]
 [ 0  0  0  0  0  0  0  0  0 22  0  2  0  0  0  0  0  0  0  0  0  0  0  0
   0  0  0]
 [ 0  0  1  0  1  0  0  0  0  0 25  0  0  0  0  0  0  0  6  0  0  1  0  0
   0  0 16]
 [ 0  5  0  0  2  0  0  1  0  8  1 22  0  0  0  0  0  0  1  0  0  1  0  0
   2  0  1]
 [ 0  1 14  2  0  0  0  0  0  8  0  7  2  3  0  0  0  0  0  0  0  1  0  2
   0  1  1]
 [ 0  0  2  0  5  0  0  3  0  0  0  1  0 27  0  0  0  0  0  0  0  0  0  0
   0  0  0]
 [ 0  0  0  0  0  0  0  0  6  0  0  0  1  0 17  3  0  0  0  0  0  0  0  2
   1  0  0]
 [ 0  3  0  0  0 10  0  3  2  0  0  0  2  0  0  5  0  8  0  4  8  2  1  0
   4  1  1]
 [ 1  4  0  0  0  0  5  0  0  0  0  3  0  0  0  0  0  0  0  0  5  1  0  4
   0 14  0]
 [ 0  2  0  1  0  1  0  0  0  0  0  0  3  0  0  0  0 31  0  2  0  0  0  0
   0  0  0]
 [ 0  0  1  0  2  0  0  1  0  0  6  0  0  0  0  0  0  0 21  1  0  1  0  0
   0  0  3]
 [ 0  1  0  0  0  1  0  4  0  0  0  0  7  0  0  3  0  0  0 18  0  0  5  0
   0  0  0]
 [11  5  0  0  0  0  0  0  0  0  0  0  0  0  0  0  0  0  0  0 16  2 16  0
   3  0  0]
 [ 0  1  0  0  0  0  0  0  0  0  4  0  2  0  0  1  0  0  0  1  0 23  0  2
   1  0  1]
 [12  3  0  2  0  0  0  0  0  1  1  0  0  0  0  0  0  0  4  0  2  3 14  0
   1  0  4]
 [ 0  0  0 15  0  0  2  0  1  0  0  0  0  0 19  0  0  0  0  1  0  0  0 12
   0  0  0]
 [ 0  0  0  0  0  2  0  0  3  0  1  0  1  0  0  7  0  0  0  0  0  1  0  0
  19  0  0]
 [ 0  0  0  0  1  0  0  3  0  0  0  4  0  1  0  0  0  0  0  0  0  0  0  0
   0 23  0]
 [ 0  0  0  0  0  0  0  0  0  0  0  0  0  0  0  0  0  0  0  0  0  0  0  0
   0  0  0]]
accuracy of k means is: 47.43589743589743

run-3

HandwrittenLetters.txt

objective fn value:  50815.67528841913
K means labels [ 9  9  9 ... 14 14 14]
Confusion matrix is:  [[ 0  0  0  0  0  0  0  0  0  0  0  0  0  0  0  0  0  0  0  0  0  0  0  0
   0  0  0]
 [ 3  0  0  4  0  0  0  0  2 19  0  0  0  3  0  0  1  0  0  0  2  1  2  0
   1  1  0]
 [ 0  0  0  0  0  0  1  0  0  0  0  2  3  0  2  0  0  0  8  0  1  0  2  0
   0 20  0]
 [ 0 21  0  0  0  0  0  0  0  0  0  0 17  0  0  0  0  1  0  0  0  0  0  0
   0  0  0]
 [ 1  0  0  0  2  0 27  0  0  0  1  0  2  0  2  0  0  0  0  0  0  4  0  0
   0  0  0]
 [ 0  4  0  0  0  0  0  0  0  0  0 29  0  0  1  0  0  3  0  0  1  0  0  0
   0  1  0]
 [ 1  2  0  0  0  0  0  0  0  3  1  1  0 17  0  0  0  1  0  0 12  0  0  0
   0  1  0]
 [13  8  1  1  0  0  0  0  0  0  2  0  4  0  0  0  0  0  1  0  0  2  1  1
   0  5  0]
 [ 0  0  0 20  0  0  0  0  5  1  0  0  0  0  0  1  4  0  0  3  3  0  0  2
   0  0  0]
 [ 0  0  2  0  0  9  0  0  0  1 12  0  0  0  0  0  0 14  1  0  0  0  0  0
   0  0  0]
 [ 0  0  0  0  0 21  1  0  0  0  7  0  0  0  0  0  0  0 10  0  0  0  0  0
   0  0  0]
 [ 0  0  0  0  3  0  0  1  0  0  0  0  0  0  0 15  0  1  0  0  0  0  2  0
  17  0  0]
 [ 0  2  0  0 26  0  0  0  0  0  0  0  0  0  1  0  0  8  0  0  0  0  2  0
   0  0  0]
 [ 0  0  0  8  0  0  0  0 24  1  1  0  0  0  0  0  1  0  0  2  1  1  0  0
   0  0  0]
 [ 0  0  1  3  1  0  0  0 13  0  0  0  0  0  0  0 12  0  0  1  3  2  0  2
   1  0  0]
 [ 0  1  0  0  0  0  1  0  0  0  0  0 24  0  0  0  0  0  0  0  0 13  0  0
   0  0  0]
 [ 3  0  0  0  0  0  0  0  0  0  0  0  0 19  0  0  0  0  0  0 12  4  0  1
   0  0  0]
 [24  2  0  1  0  0  0  0  0  1  2  0  3  0  0  0  0  0  0  0  0  5  1  0
   0  0  0]
 [ 1  4  0  0  0  0  0  1  0  2  1  0  1  4  2  1  0  2  0  0  3  0 17  0
   0  0  0]
 [ 0  1  0  0  0  3  0  0  0  0  1  1  0  0  0  0  0  0 23  0  0  0  0  0
   0 10  0]
 [ 0  1  0  0  0  8  0  0  0  0 21  0  0  1  0  0  0  4  0  0  3  0  0  1
   0  0  0]
 [ 2  0  0  2  1  0  0  2  0  0  0  0  0  0  0  0  0  0  0 23  0  5  4  0
   0  0  0]
 [ 0  0  0  0  1  0  0 29  0  0  0  0  0  0  0  0  1  0  0  3  0  0  0  4
   1  0  0]
 [ 0  2  0  1  1  0  0  5  0  0  0  0  0  0  0  0 25  0  0  3  0  0  1  0
   1  0  0]
 [ 0  0 15  0  0  0  0  1  0  2  0  0  0  0  0 14  0  0  0  0  0  0  1  0
   6  0  0]
 [ 0  0  9  1  0  0  0  2  1  0  0  0  0  0  0  0  4  0  0  0  0  0  0 21
   1  0  0]
 [ 0  0  0  0  0  3  0  0  0  0  0  0  0  0 23  0  0 13  0  0  0  0  0  0
   0  0  0]]
accuracy of k means is: 50.887573964497044
re ordered matrix : [[24  0  0  0  0  0  1  0  0  3  0  0  0  3  0  0  0  0  0  2  1  0  1  0
   0  0 13]
 [ 2 21  0  0  2  0  0  0  0  0  1  4  1  0  0  0  2  0  1  0  2  0  4  0
   0  0  8]
 [ 0  0 15  0  0  0  0  0  0  0  0  0  0  0  0  0  0  2  0  0  0  1  0  9
   0  0  1]
 [ 1  0  0 20  0  0  0  0  8  4  0  0  0  0  0  0  1  0  0  2  0  3  0  1
   0  0  1]
 [ 0  0  0  0 26  0  2  1  0  0  0  0  0  0  0  0  1  0  0  1  0  1  0  0
   3  0  0]
 [ 0  0  0  0  0 21  0  0  0  0  8  0  0  0  3  0  0  9  3  0  0  0  0  0
   0  0  0]
 [ 0  0  0  0  0  1 27  0  0  0  0  0  1  0  0  0  0  0  0  0  0  0  0  0
   0  1  0]
 [ 0  0  1  0  0  0  0 29  0  0  0  0  0  0  0  0  5  0  0  2  0  0  1  2
   1  0  0]
 [ 0  0  0  5  0  0  0  0 24  2  0  0  0  0  0  0  0  0  0  0  0 13  0  1
   0  0  0]
 [ 1  0  2  1  0  0  0  0  1 19  0  0  0  0  0  0  0  1  0  0  3  0  2  0
   0  0  0]
 [ 2  0  0  0  0  7  1  0  1  0 21  0  0  0  0  0  0 12  1  0  1  0  1  0
   0  0  2]
 [ 0  0  0  0  0  0  0  0  0  0  0 29  0  0  0  0  0  0  1  0  1  0  0  0
   0  2  0]
 [ 3 17  0  0  0  0  2  0  0  0  0  0 24  0  0  0  0  0  0  0  0  0  1  0
   0  3  4]
 [ 0  0  0  0  0  0  0  0  0  3  1  0  0 19  0  0  0  0  0  0 17  0  4  0
   0  0  0]
 [ 0  0  0  0  1  0  2  0  0  0  0  1  0  0 23  0  0  0  0  0  0  0  2  0
   0  2  0]
 [ 0  0 14  1  0  0  0  0  0  0  0  0  0  0  0  0  0  0  0  0  0  0  1  0
  15  0  0]
 [ 0  0  0  4  0  0  0  1  1  1  0  0  0  0  0  0 25  0  0  0  0 12  0  4
   0  0  0]
 [ 0  1  0  0  8  0  0  0  0  0  4  3  0  0 13  0  0 14  0  0  1  0  2  0
   1  0  0]
 [ 0  0  0  0  0 10  0  0  0  0  0  0  0  0  0  0  0  1 23  0  0  0  0  0
   0  8  1]
 [ 0  0  0  3  0  0  0  3  2  0  0  0  0  0  0  0  3  0  0 23  0  1  0  0
   0  0  0]
 [ 0  0  0  3  0  0  0  0  1  2  3  1  0 12  0  0  0  0  0  0 12  3  3  0
   0  1  0]
 [ 5  0  0  0  0  0  4  0  1  1  0  0 13  4  0  0  0  0  0  5  0  2  0  0
   0  0  2]
 [ 1  0  1  0  2  0  0  0  0  2  0  0  0  0  0  0  1  0  0  4  0  0 17  0
   2  2  1]
 [ 0  0  0  2  0  0  0  4  0  0  1  0  0  1  0  0  0  0  0  0  0  2  0 21
   0  0  1]
 [ 0  0  6  0  0  0  0  1  0  1  0  0  0  0  0  0  1  0  0  0  0  1  0  1
  17  0  0]
 [ 0  0  0  0  0  0  0  0  0  1  0  1  0  0  0  0  0  0 10  0  1  0  0  0
   0 20  5]
 [ 0  0  0  0  0  0  0  0  0  0  0  0  0  0  0  0  0  0  0  0  0  0  0  0
   0  0  0]]
accuracy of k means is: 50.887573964497044

run -4

objective fn value:  50994.742408817176
K means labels [21 21 21 ... 14 14 14]
Confusion matrix is:  [[ 0  0  0  0  0  0  0  0  0  0  0  0  0  0  0  0  0  0  0  0  0  0  0  0
   0  0  0]
 [ 1  0  0  0  0  1  0  0  3  1  0  1  0  1  0  3  1  0  3  3  0 21  0  0
   0  0  0]
 [ 0  1  0  0  0  1  0  0  1  3  0  1  0  0  2  0 23  0  0  0  0  0  0  1
   3  3  0]
 [ 0 31  0  0  0  2  0  0  0  0  0  0  0  0  0  0  0  0  0  0  0  0  0  0
   0  6  0]
 [ 2  2  0  0  2  3  0  0  0  0  1  0  4  0  2  0  2  0  0  0  0  0  0 20
   0  1  0]
 [ 0  3  0  0  0  1  0  0  1 24  0  0  0  1  2  0  0  0  0  0  0  0  0  0
   0  7  0]
 [ 0  0  1  0  0  0  0  0 10 12  0  1  0  1  0 12  0  0  0  0  0  0  2  0
   0  0  0]
 [ 0  4  1  0  0  4  0  0  0  1  0  0 12  0  0 10  1  0  0  0  0  1  4  0
   0  1  0]
 [14  0  0 14  0  0  2  0  3  0  0  1  0  0  0  0  0  0  3  0  1  0  0  0
   0  1  0]
 [ 0  0  0  0 22  0  0  0  0  0  9  0  0  2  0  0  0  0  0  0  0  3  3  0
   0  0  0]
 [ 0  0  0  0  2  0  0  0  0  0 21  0  0  0  0  0  3  0  0  0  0  0  8  1
   0  4  0]
 [ 0  0  1  0  0  0  0  4  3  0  0 24  0  4  0  0  0  2  0  0  0  0  1  0
   0  0  0]
 [ 0  3  0  0  0  1  0 20  0  0  0  0  0  8  1  0  0  0  0  0  0  0  0  0
   0  6  0]
 [ 2  0  0 10  0  0  1  0  1  0  0  0  0  0  0  0  0  0  0 19  0  5  1  0
   0  0  0]
 [ 2  0  3  8  0  2  0  2  3  0  0  0  0  0  0  0  0  0  8 10  0  1  0  0
   0  0  0]
 [ 0 10  0  0  0 13  0  0  0  0  0  0  1  0  0  0  0  0  0  0  0  0  0 15
   0  0  0]
 [ 0  0  0  0  0  1  0  0 15 14  0  0  5  0  0  4  0  0  0  0  0  0  0  0
   0  0  0]
 [ 0  2  1  0  0  4  0  0  0  0  0  1 23  0  0  7  0  0  0  0  0  0  1  0
   0  0  0]
 [ 0  0  1  0  0  0  0  0  4  7  0  4  1  2  1  0  0  0  0  0  0  1  0  0
  17  1  0]
 [ 0  2  0  0  0  1  0  0  0  1  4  0  0  0  0  0 28  0  0  0  0  0  0  0
   0  3  0]
 [ 0  1  1  0  8  0  0  0  1  0  5  0  0  3  0  2  1  0  0  0  0  0 17  0
   0  0  0]
 [ 0  0  0  1  0  4 23  2  0  0  0  1  3  0  0  0  0  0  0  0  4  0  0  0
   1  0  0]
 [ 0  0 19  0  0  0  2  0  0  0  0  1  0  0  0  0  0  0  1  0 16  0  0  0
   0  0  0]
 [ 2  0  2  0  0  0  3  7  0  0  0  1  0  0  0  0  0  1 18  0  5  0  0  0
   0  0  0]
 [ 0  0  3  0  0  0  0  0  2  0  0  5  0  0  0  0  0 28  0  0  0  0  1  0
   0  0  0]
 [ 0  0 23  2  0  0  0  0  0  0  1  0  0  0  0  0  0  6  2  2  3  0  0  0
   0  0  0]
 [ 0  0  0  0  0  0  0  0  0  0  3  0  0  7 27  0  0  0  0  0  0  0  0  0
   0  2  0]]
accuracy of k means is: 48.027613412228796
re ordered matrix : [[14  0  0  2  0  0  0  0  0  0  0  0  0  0  0  0  0  0  2  2  0  1  0  2
   0  0  0]
 [ 0 31  0  0  0 10  0  3  0  3  0  0  2  0  0  0  2  0  0  0  0  0  1  2
   0  1  4]
 [ 0  0 23  3  0  0  0  0  0  0  0  1  1  0  0  1  0  3  2  0 19  0  1  0
   1  0  1]
 [14  0  2  8  0  0  1  0  0  0  0  0  0  0  0  0  0  0  0 10  0  0  0  0
   0  0  0]
 [ 0  0  0  0 22  0  0  0  0  0  2  0  0  0  0  0  0  0  0  0  0  0  8  2
   0  0  0]
 [ 0  2  0  2  0 13  4  1  1  1  0  0  4  0  0  0  1  0  0  0  0  1  0  3
   0  1  4]
 [ 2  0  0  0  0  0 23  0  0  0  0  0  0  0  0  0  0  0  3  1  2  0  0  0
   0  0  0]
 [ 0  0  0  2  0  0  2 20  0  0  0  4  0  0  0  0  0  0  7  0  0  0  0  0
   0  0  0]
 [ 3  0  0  3  0  0  0  0 15  1  0  3  0  0  0 10  0  2  0  1  0  3  1  0
   4  1  0]
 [ 0  0  0  0  0  0  0  0 14 24  0  0  0  0  0 12  1  0  0  0  0  1  0  0
   7  3  1]
 [ 0  0  1  0  9  0  0  0  0  0 21  0  0  0  3  0  4  0  0  0  0  0  5  1
   0  0  0]
 [ 1  0  0  0  0  0  1  0  0  0  0 24  1  0  0  1  0  5  1  0  1  1  0  0
   4  1  0]
 [ 0  0  0  0  0  1  3  0  5  0  0  0 23  0  0  0  0  0  0  0  0  0  0  4
   1  0 12]
 [ 0  0  0  0  2  0  0  8  0  1  0  4  0  0  7  1  0  0  0  0  0  1  3  0
   2  0  0]
 [ 0  0  0  0  0  0  0  1  0  2  0  0  0  0 27  0  0  0  0  0  0  0  0  2
   1  2  0]
 [ 0  0  0  0  0  0  0  0  4  0  0  0  7  0  0 12  0  0  0  0  0  3  2  0
   0  0 10]
 [ 0  0  0  0  0  0  0  0  0  0  3  0  0  0  0  0 28  0  0  0  0  1  1  2
   0 23  1]
 [ 0  0  6  0  0  0  0  0  0  0  0  2  0  0  0  0  0 28  1  0  0  0  0  0
   0  0  0]
 [ 3  0  2  8  0  0  0  0  0  0  0  0  0  0  0  0  0  0 18  0  1  3  0  0
   0  0  0]
 [ 0  0  2 10  0  0  0  0  0  0  0  0  0  0  0  0  0  0  0 19  0  3  0  0
   0  0  0]
 [ 1  0  3  0  0  0  4  0  0  0  0  0  0  0  0  0  0  0  5  0 16  0  0  0
   0  0  0]
 [ 0  0  0  1  3  0  0  0  0  0  0  0  0  0  0  0  0  0  0  5  0 21  0  0
   1  0  1]
 [ 0  0  0  0  3  0  0  0  0  0  8  1  1  0  0  2  0  1  0  1  0  0 17  0
   0  0  4]
 [ 0  0  0  0  0 15  0  0  0  0  1  0  0  0  0  0  0  0  0  0  0  0  0 20
   0  1  0]
 [ 0  0  0  0  0  0  1  0  0  0  0  0  0  0  0  0  0  0  0  0  0  0  0  0
  17  3  0]
 [ 1  6  0  0  0  0  0  6  0  7  4  0  0  0  2  0  3  0  0  0  0  0  0  1
   1  3  1]
 [ 0  0  0  0  0  0  0  0  0  0  0  0  0  0  0  0  0  0  0  0  0  0  0  0
   0  0  0]]
accuracy of k means is: 48.027613412228796

run -5

objective fn value:  50802.7139586287
K means labels [ 0  6  6 ... 12 12 12]
Confusion matrix is:  [[ 0  0  0  0  0  0  0  0  0  0  0  0  0  0  0  0  0  0  0  0  0  0  0  0
   0  0  0]
 [16  0  0  0  3  0 15  1  1  0  0  0  0  0  0  0  0  0  1  0  0  0  1  0
   1  0  0]
 [ 2  0  0  1  0  2  1  2  0  0  0  0  0  0  0  7  0  0  1  1  0  0  2  0
  20  0  0]
 [ 0  0  0  0  0  0  0  0  0  0  3  0  0  0  0  0  0  0  0  0  0  0  0 26
   0 10  0]
 [ 0  0  0  2  0  0  0  0  0  0  0  1  0  0  0  2  1  0  0 12  0  0  7  0
   5  9  0]
 [ 0  0  0  0  0  1  3  0  0  0  0  0  0  0  0  0  4 28  0  0  0  0  0  3
   0  0  0]
 [ 0  0 13  7  0  0 12  0  0  0  0  0  0  0  0  1  0  1  4  0  0  0  0  1
   0  0  0]
 [ 0  4  0  4  0  6  0  0  1  0  0  0  0  0  0  2  0  0 17  0  0  0  2  2
   0  1  0]
 [ 0  0  0  0 19  0  4  0  2 10  0  0  0  0  0  0  0  0  0  0  4  0  0  0
   0  0  0]
 [ 1  6  0  0  0  0  0  0  0  0  0 13  1  0  0  2 14  0  0  1  0  0  0  1
   0  0  0]
 [ 0  4  0  0  0  0  0  0  0  0  0 10  0  0  0 24  0  0  0  1  0  0  0  0
   0  0  0]
 [ 0  1  0  0  1  0  4 25  0  0  4  0  0  1  2  0  1  0  0  0  0  0  0  0
   0  0  0]
 [ 0  0  0  0  0  0  0  2  0  0 23  0  1  0  0  0  6  0  0  0  0  1  1  5
   0  0  0]
 [ 0  0  0  0  7  0  1  1  1 28  0  0  0  0  0  0  0  0  0  0  0  0  1  0
   0  0  0]
 [ 0  0  0  0  5  0  4  0  3 12  1  0  0  0  0  0  0  0  0  0 12  0  2  0
   0  0  0]
 [ 0  0  0  0  0  0  0  0  0  0  0  0  0  0  0  0  0  0  1  0  0  0 10  1
   2 25  0]
 [ 0  0 19  1  0  0 12  0  0  0  0  0  0  0  0  0  0  0  3  0  0  0  4  0
   0  0  0]
 [ 0  0  0  3  1  0  0  1  0  0  0  1  0  0  0  0  0  0 25  0  0  0  5  1
   0  2  0]
 [ 2  0  4  1  0  0  3 16  1  0  3  0  2  0  0  0  0  0  2  0  0  0  1  4
   0  0  0]
 [ 1  0  0  0  0 19  0  0  0  0  0  1  0  0  0  9  0  0  0  1  0  0  0  2
   6  0  0]
 [ 0 14  0  3  0  0  4  0  2  0  0 12  0  0  0  0  3  0  0  0  0  0  0  1
   0  0  0]
 [ 0  0  0  0  1  0  0  1  1  0  2  0  0  0  0  0  0  0  3  0  0 25  6  0
   0  0  0]
 [ 0  0  0  0  1  0  0  0  4  0  0  0  0 28  0  0  0  0  0  0  1  5  0  0
   0  0  0]
 [ 0  0  0  1  0  1  0  1  3  0  2  0  0  1  1  0  0  0  0  0 27  2  0  0
   0  0  0]
 [ 0  1  0  0  0  0  1  5  1  0  0  0  0  3 28  0  0  0  0  0  0  0  0  0
   0  0  0]
 [ 0  1  0  0  1  0  0  0 24  1  0  0  0  5  5  0  0  0  0  0  2  0  0  0
   0  0  0]
 [ 0  0  0  0  0  0  0  0  0  0  0  2 22  0  0  0 14  0  0  1  0  0  0  0
   0  0  0]]
accuracy of k means is: 50.197238658777124
re ordered matrix : [[16  0  0  0  0  1  0  0  0  0  0  0  0  0  0  0  1  0  0  0  0  0  0  0
   2  0  2]
 [ 0 14  0  4  0  0  0  1  1  0  0  0  0  0  1  4  6  0  0  0  0  0  0  0
   0  0  0]
 [ 0  0 19  0  0  0 13  0  0  0  0  0  0  0  0  0  0  0  0  0  0  0  0  0
   0  0  4]
 [ 0  3  1  4  0  0  7  0  0  0  0  0  0  0  0  0  0  0  3  2  1  0  0  0
   1  0  1]
 [ 3  0  0  0 19  0  0  1  1  7  0  0  0  1  0  0  0  0  1  0  0  1  5  0
   0  0  0]
 [ 0  0  0  6  0 19  0  0  0  0  0  0  0  0  0  0  0  1  0  0  1  0  0  0
   2  0  0]
 [15  4 12  0  4  0 12  4  0  1  0  0  0  0  1  0  0  3  0  0  0  0  4  0
   1  0  3]
 [ 1  0  0  0  0  0  0 25  0  1  2  0  0  0  5  0  0  0  1  0  1  1  0  0
   2  0 16]
 [ 1  2  0  1  2  0  0  0 24  1  0  0  0  4  1  0  0  0  0  0  3  1  3  0
   0  0  1]
 [ 0  0  0  0 10  0  0  0  1 28  0  0  0  0  0  0  0  0  0  0  0  0 12  0
   0  0  0]
 [ 0  0  0  0  0  0  0  4  0  0 23  0  0  0  0  0  0  0  0  0  2  2  1  3
   0  0  3]
 [ 0 12  0  0  0  1  0  0  0  0  0  0  2  0  0 10 13  0  1  1  0  0  0  0
   0  0  0]
 [ 0  0  0  0  0  0  0  0  0  0  1  0 22  0  0  0  1  0  0  0  0  0  0  0
   0  0  2]
 [ 0  0  0  0  0  0  0  1  5  0  0  0  0 28  3  0  0  0  0  0  1  0  0  0
   0  0  0]
 [ 0  0  0  0  0  0  0  2  5  0  0  0  0  0 28  0  0  0  0  0  1  0  0  0
   0  0  0]
 [ 0  0  0  2  0  9  1  0  0  0  0  0  0  0  0 24  2  0  0  2  0  0  0  0
   7  0  0]
 [ 0  3  0  0  0  0  0  1  0  0  6  0 14  0  0  0 14  4  0  1  0  0  0  0
   0  0  0]
 [ 0  0  0  0  0  0  1  0  0  0  0  0  0  0  0  0  0 28  0  0  0  0  0  0
   0  0  0]
 [ 1  0  3 17  0  0  4  0  0  0  0  0  0  0  0  0  0  0 25  0  0  3  0  0
   1  1  2]
 [ 0  0  0  0  0  1  0  0  0  0  0  0  1  0  0  1  1  0  0 12  0  0  0  0
   1  0  0]
 [ 0  0  0  0  4  0  0  0  2  0  0  0  0  1  0  0  0  0  0  0 27  0 12  0
   0  0  0]
 [ 0  0  0  0  0  0  0  0  0  0  1  0  0  5  0  0  0  0  0  0  2 25  0  0
   0  0  0]
 [ 1  0  4  2  0  0  0  0  0  1  1  0  0  0  0  0  0  0  5  7  0  6  2  0
   2 10  1]
 [ 0  1  0  2  0  2  1  0  0  0  5  0  0  0  0  0  1  3  1  0  0  0  0 26
   0  1  4]
 [ 1  0  0  0  0  6  0  0  0  0  0  0  0  0  0  0  0  0  0  5  0  0  0  0
  20  2  0]
 [ 0  0  0  1  0  0  0  0  0  0  0  0  0  0  0  0  0  0  2  9  0  0  0 10
   0 25  0]
 [ 0  0  0  0  0  0  0  0  0  0  0  0  0  0  0  0  0  0  0  0  0  0  0  0
   0  0  0]]
accuracy of k means is: 50.197238658777124

run - 6
objective fn value:  50947.97725871953
K means labels [ 0  0  0 ... 20 20 20]
Confusion matrix is:  [[ 0  0  0  0  0  0  0  0  0  0  0  0  0  0  0  0  0  0  0  0  0  0  0  0
   0  0  0]
 [25  0  0  0  2  1  0  0  0  0  2  0  1  0  0  1  2  1  2  0  0  0  2  0
   0  0  0]
 [ 0  0  1  0  0  0  0  0  3  0  1  0  0  0  0  0  3  0  0  0  0  6  0  0
   3 22  0]
 [ 0  0  2  0  0  0  0  0 14 23  0  0  0  0  0  0  0  0  0  0  0  0  0  0
   0  0  0]
 [ 0  0 12  0  0  0  0  0  5  0  0  0  0  1  0  0  0  0  4  0  6  0  0  0
   3  8  0]
 [ 0  0  0  0  1  0  0  0  8  1  0  4  0  0  0  0  0  0  0  0  3 22  0  0
   0  0  0]
 [ 0  0  0  3  1  0  0  0  0  2 15 17  0  0  0  0  0  0  1  0  0  0  0  0
   0  0  0]
 [ 2  0  1  1  0  3  0  0  3  4  0  2  0  0  0  0  0  0 15  0  0  6  0  0
   2  0  0]
 [ 1  0  0  0  0 25  1  1  0  0  0  0  1  0  0  2  0  4  0  0  0  0  4  0
   0  0  0]
 [ 0 11  0  2  0  0  0  0  0  0  0  1  0 17  0  0  0  0  0  0  4  0  0  1
   3  0  0]
 [ 0 14  1  0  0  0  0  0  0  0  0  1  0  2  0  0  0  0  0  0  0  0  0  0
  21  0  0]
 [ 0  0  0  0  8  0  1  0  0  0  0  0 23  0  1  0  0  5  0  1  0  0  0  0
   0  0  0]
 [ 0  0  0  0 11  0  0  0  5  0  0  0  0  0 22  0  0  0  0  0  1  0  0  0
   0  0  0]
 [ 2  1  0  0  0  6  0  1  0  0  0  0  0  0  0 24  2  1  1  0  0  0  1  0
   0  0  0]
 [ 3  0  0  0  1  3  1  0  0  0  0  0  0  0  1 15  0  6  0  0  0  0  8  1
   0  0  0]
 [ 0  0 26  0  0  0  0  0 10  1  0  0  0  0  0  0  0  0  1  0  0  0  0  0
   0  1  0]
 [ 0  0  0  1  0  0  0  0  1  0 19 12  0  0  0  0  0  0  6  0  0  0  0  0
   0  0  0]
 [ 0  1  3  1  0  1  0  0  4  2  0  0  1  0  0  0  0  0 26  0  0  0  0  0
   0  0  0]
 [ 3  0  0  1  4  0  0  0  3  2  5  0  1  0  0  0 17  2  1  0  0  0  0  0
   0  0  0]
 [ 0  1  0  0  0  0  0  0  2  0  0  1  0  0  0  0  0  0  0  0  0  8  0  0
   8 19  0]
 [ 0 15  0  0  0  0  3  0  0  3  0  8  0  8  0  0  0  0  0  0  0  0  0  1
   0  1  0]
 [ 0  0  0  0  0  2  0 24  3  0  0  0  1  0  3  0  0  0  3  3  0  0  0  0
   0  0  0]
 [ 0  0  0  7  0  0  0  3  0  0  0  0  0  0  1  0  0  0  0 26  0  0  2  0
   0  0  0]
 [ 0  0  0  1  2  1  0  5  0  0  0  0  3  0  1  0  0  5  0  1  0  0 20  0
   0  0  0]
 [ 0  1  0  3  0  0  0  0  0  0  0  1 15  0  0  0  0  1  0  0  0  0  0 18
   0  0  0]
 [ 0  0  0  5  0  2 18  0  0  0  0  0  0  0  0  1  0  0  0  1  0  0  2 10
   0  0  0]
 [ 0  2  0  0  4  0  0  0  0  0  0  0  0  0  0  0  0  0  0  0 33  0  0  0
   0  0  0]]
accuracy of k means is: 48.81656804733728
re ordered matrix : [[25  0  0  2  0  1  0  0  0  0  0  0  0  0  0  2  3  3  0  0  0  0  0  0
   0  0  0]
 [ 0 15  0  0  0  0  0  0  0  0  0  0  0 11  0  1  0  0  1  0  2  0  0  1
  14  0  1]
 [ 0  0 26  1  0  0  0  0 12  2  0  0  0  0  0  0  0  0  3  0  0  0  0  0
   1  1  0]
 [ 0  0  0  1  0  0  5  0  0  0  1  3  0  2  0  0  1  0  1  7  0  0  1  3
   0  0  0]
 [ 2  0  0  0  0  0  0  0  0  0  0  1  8  0 11  0  4  1  0  0  4  1  2  0
   0  0  0]
 [ 1  0  0  3  0 25  2  2  0  0  0  0  0  0  0  6  0  3  1  0  0  0  1  0
   0  0  0]
 [ 0  3  0  0  0  1 18  0  0  0  0  0  1  0  0  0  0  1  0  0  0  0  0  0
   0  0  0]
 [ 0  0  0  0  0  1  0 24  0  0  0  0  0  0  0  1  0  0  0  3  0  0  5  0
   0  0  0]
 [ 0  0 10  3  0  0  0  3  5 14  1  0  0  0  5  0  3  0  4  0  0  8  0  0
   0  3  2]
 [ 0  3  1  4  0  0  0  0  0 23  0  2  0  0  0  0  2  0  2  0  0  1  0  0
   0  0  0]
 [ 2  0  0  0  0  0  0  0  0  0 19 15  0  0  0  0  5  0  0  0  0  0  0  0
   0  1  0]
 [ 0  8  0  2  0  0  0  0  0  0 12 17  0  1  0  0  0  0  0  0  0  4  0  1
   1  0  1]
 [ 1  0  0  0  0  1  0  1  0  0  0  0 23  0  0  0  1  0  1  0  0  0  3 15
   0  0  0]
 [ 0  8  0  0  0  0  0  0  1  0  0  0  0 17  0  0  0  0  0  0  0  0  0  0
   2  0  0]
 [ 0  0  0  0  0  0  0  3  0  0  0  0  1  0 22  0  0  1  0  1  0  0  1  0
   0  0  0]
 [ 1  0  0  0  0  2  1  0  0  0  0  0  0  0  0 24  0 15  0  0  0  0  0  0
   0  0  0]
 [ 2  0  0  0  0  0  0  0  0  0  0  0  0  0  0  2 17  0  0  0  0  0  0  0
   0  3  0]
 [ 1  0  0  0  0  4  0  0  0  0  0  0  5  0  0  1  2  6  0  0  0  0  5  1
   0  0  0]
 [ 2  0  1 15  0  0  0  3  4  0  6  1  0  0  0  1  1  0 26  0  0  0  0  0
   0  0  0]
 [ 0  0  0  0  0  0  1  3  0  0  0  0  1  0  0  0  0  0  0 26  0  0  1  0
   0  0  0]
 [ 0  0  0  0  0  0  0  0  6  0  0  0  0  4  1  0  0  0  0  0 33  3  0  0
   0  0  0]
 [ 0  0  0  6  0  0  0  0  0  0  0  0  0  0  0  0  0  0  0  0  0 22  0  0
   0  6  8]
 [ 2  0  0  0  0  4  2  0  0  0  0  0  0  0  0  1  0  8  0  2  0  0 20  0
   0  0  0]
 [ 0  1  0  0  0  0 10  0  0  0  0  0  0  1  0  0  0  1  0  0  0  0  0 18
   0  0  0]
 [ 0  0  0  2  0  0  0  0  3  0  0  0  0  3  0  0  0  0  0  0  0  0  0  0
  21  3  8]
 [ 0  1  1  0  0  0  0  0  8  0  0  0  0  0  0  0  0  0  0  0  0  0  0  0
   0 22 19]
 [ 0  0  0  0  0  0  0  0  0  0  0  0  0  0  0  0  0  0  0  0  0  0  0  0
   0  0  0]]
accuracy of k means is: 48.81656804733728

run-7

objective fn value:  51083.28268133884
K means labels [13 13 13 ... 11 11 11]
Confusion matrix is:  [[ 0  0  0  0  0  0  0  0  0  0  0  0  0  0  0  0  0  0  0  0  0  0  0  0
   0  0  0]
 [ 0  0  1  0  1  2  0  0  0  2  1  0  0 25  0  0  0  0  2  0  0  1  0  1
   3  0  0]
 [ 0  0  0  0  0  0  1  0  0  2  0  0  0  1 22  3  0  0  1  8  0  0  0  1
   0  0  0]
 [ 0  0  0  0  1  0 11  0  0  1  0  0  1  0  0  0  0  0  0  1  0  0 24  0
   0  0  0]
 [ 0  0  0  0  0  0 10  0  9  0  0  2  0  2  5  0  0  2  0  8  0  0  1  0
   0  0  0]
 [ 0  0  0  0  3  0  0  0  0  3  0  1  0  0  0 31  0  0  0  1  0  0  0  0
   0  0  0]
 [ 0  0  0 24  1  0  0  0  1 12  0  0  0  1  0  0  0  0  0  0  0  0  0  0
   0  0  0]
 [ 0  3  1  1  0 13  1  0  3  0  0  0  0  1  2  2  0  0  0  2  1  1  7  0
   1  0  0]
 [ 0  0  3  0  0  0  0  0  0  2  3  0  1  0  0  0  1  0 17  1  1  0  0  0
  10  0  0]
 [ 0  3  0  0  2  0  0  0  0  0  0  1  0  2  0  0  0 21  0  0  0  2  0  0
   0  8  0]
 [ 0 12  0  0  0  0  1  0  0  0  0  0  0  0  0  0  0  2  0  5  0  0  0  0
   0 19  0]
 [ 1  0  0  0  4  0  0  8  0  3  0  0  0  0  0  0  1  0  0  0  0  1  0 21
   0  0  0]
 [ 0  0  1  0 15  0  0  0  1  0  0  1 14  0  0  0  0  0  0  0  0  0  5  2
   0  0  0]
 [ 0  0  2  0  0  0  0  0  1  0  0  0  0  2  0  0  2  0  6  0  0  0  0  1
  25  0  0]
 [ 0  0 12  0  0  0  0  0  1  3  4  0  1  0  0  0 11  0  4  0  2  1  0  0
   0  0  0]
 [ 0  0  0  0  0  0 25  0  9  0  0  0  0  0  0  0  0  0  0  3  0  0  2  0
   0  0  0]
 [ 0  0  0 18  0  3  0  0  5 13  0  0  0  0  0  0  0  0  0  0  0  0  0  0
   0  0  0]
 [ 0  1  0  1  0 25  1  0  6  0  0  0  0  1  0  0  0  0  1  1  0  0  2  0
   0  0  0]
 [ 1  0  4  0  3 12  0  1  0  3  0  2  0  1  0  5  0  0  0  0  0  0  0  7
   0  0  0]
 [ 0  1  0  0  0  0  0  0  1  0  0  0  0  0 24  1  0  0  0  5  0  0  2  0
   0  5  0]
 [ 0 18  0  3  2  0  0  0  0  4  0  0  0  0  0  0  0  6  0  1  1  0  0  0
   0  4  0]
 [ 1  0  1  0  0  1  0  0  7  0  0  0 25  0  0  0  0  0  3  0  0  0  0  1
   0  0  0]
 [27  0  2  0  0  0  0  0  0  0  0  0  4  0  0  0  0  0  0  1  5  0  0  0
   0  0  0]
 [ 1  0 16  0  0  0  0  0  0  0 13  0  6  0  0  0  0  0  0  1  1  0  0  1
   0  0  0]
 [ 1  0  0  0  0  0  0 18  0  1  0  0  0  0  0  0  0  0  0  0  0 17  0  2
   0  0  0]
 [ 2  0  2  0  0  0  0  0  0  0  1  0  0  0  0  0  0  0  1  1 21 10  0  0
   1  0  0]
 [ 0  0  0  0  8  0  0  0  0  0  0 29  0  0  0  0  0  0  0  0  0  0  0  0
   0  2  0]]
accuracy of k means is: 48.61932938856015
re ordered matrix : [[27  0  1  0  0  0  0  1  0  0  1  0  1  0  0  0  0  0  0  0  2  0  0  1
   0  0  0]
 [ 0 18  0  0  0  1  0  0  0  0  0  0  0  0  1  0  0  3  0  0  0  3  0  0
   0 12  0]
 [ 2  0  4  0  1  0  0  0  0  0 16  0  1  1  0  0 12  0  3  0  2  1  0  0
   2  0  0]
 [ 0  3  0 24  0  1  0  0  0 18  0  0  0  0  0  0  0  0  0  0  0  1  0  0
   0  0  0]
 [ 0  2  3  1 15  0  0  0  0  0  0  8  0  1  0  3  0  2  0  0  0  0  1  4
   0  0  0]
 [ 0  0 12  0  0 25  0  0  0  3  0  0  1  2  0  0  0  0  0  0  0 13  0  0
   0  0  0]
 [ 0  0  0  0  0  1 25  0 10  0  0  0  0  0  0  0  0  0  0  1  0  1 11  0
   0  1  0]
 [ 0  0  1  0  0  0  0 18  0  0  0  0  0  0  0  0  0  0  0  0  0  0  0  8
   0  0  0]
 [ 0  0  0  1  1  6  9  0  9  5  0  0  7  0  1  0  1  0  0  0  0  3  0  0
   1  0  0]
 [ 0  4  3 12  0  0  0  1  0 13  0  0  0  2  0  3  3  0  2  2  0  0  1  3
   0  0  0]
 [ 0  0  0  0  0  0  0  0  0  0 13  0  0  1  0  0  4  0  3  0  1  0  0  0
   0  0  0]
 [ 0  0  2  0  1  0  0  0  2  0  0 29  0  0  0  1  0  1  0  0  0  0  0  0
   0  0  0]
 [ 4  0  0  0 14  0  0  0  0  0  6  0 25  0  0  0  1  0  1  0  0  0  1  0
   0  0  0]
 [ 0  0  1  1  0  1  0  0  2  0  0  0  0 25  0  0  0  2  0  1  0  1  0  0
   2  0  0]
 [ 0  0  0  0  0  0  0  0  5  0  0  0  0  0 24  0  0  0  0 22  0  2  0  0
   0  0  0]
 [ 0  0  5  0  0  0  0  0  0  0  0  0  0  0  1 31  0  0  0  3  0  2  0  0
   0  0  0]
 [ 0  0  0  0  0  0  0  0  0  0  0  0  0  0  0  0 11  0  1  0  0  0  0  1
   2  0  0]
 [ 0  6  0  0  0  0  0  0  2  0  0  0  0  0  0  0  0 21  0  0  0  0  0  0
   0  2  0]
 [ 0  0  0  0  0  1  0  0  0  0  0  0  3  2  0  0  4  0 17  1  1  0  0  0
   6  0  0]
 [ 1  1  0  0  0  1  3  0  8  0  1  0  0  0  5  1  0  0  1  8  1  2  1  0
   0  5  0]
 [ 5  1  0  0  0  0  0  0  0  0  1  0  0  0  0  0  2  0  1  0 21  1  0  0
   0  0  0]
 [ 0  0  0  0  0  0  0 17  0  0  0  0  0  1  0  0  1  2  0  0 10  1  0  1
   0  0  0]
 [ 0  0  0  0  5  2  2  0  1  0  0  0  0  0  2  0  0  0  0  0  0  7 24  0
   0  0  0]
 [ 0  0  7  0  2  0  0  2  0  0  1  0  1  1  0  0  0  0  0  1  0  0  0 21
   1  0  0]
 [ 0  0  0  0  0  0  0  0  0  0  0  0  0  3  0  0  0  0 10  0  1  1  0  0
  25  0  0]
 [ 0  4  0  0  0  0  0  0  0  0  0  2  0  0  5  0  0  8  0  0  0  0  0  0
   0 19  0]
 [ 0  0  0  0  0  0  0  0  0  0  0  0  0  0  0  0  0  0  0  0  0  0  0  0
   0  0  0]]
accuracy of k means is: 48.61932938856015

run - 8

objective fn value:  50780.516787134904
K means labels [19 19 19 ... 11 11 11]
Confusion matrix is:  [[ 0  0  0  0  0  0  0  0  0  0  0  0  0  0  0  0  0  0  0  0  0  0  0  0
   0  0  0]
 [ 0  1  0  0  0  0  0  0  1  0  2  0  0  0  4  1  1  1  1 20  2  0  2  2
   1  0  0]
 [ 2  0  0  1  0  0  0 18  0  0  0  1  0  0  0  0  0  1  0  0  0  0  1  4
   0 11  0]
 [ 0  0  0 31  0  0  0  0  0  6  0  0  2  0  0  0  0  0  0  0  0  0  0  0
   0  0  0]
 [ 0  0  4  0  1  0  0  8  5  1  0  4 10  0  0  0  0  0  5  1  0  0  0  0
   0  0  0]
 [29  0  0  1  0  0  0  0  0  5  0  1  0  0  0  0  0  0  1  0  0  0  0  0
   0  2  0]
 [ 2  0  0  0  0  0  0  0  0  1  0  0  0  0  3  0  0  0 10  2 10  0 11  0
   0  0  0]
 [ 0  2  3  4  0  1  0  0  1  2  0  0  2  1 18  1  0  0  1  0  0  0  0  0
   0  3  0]
 [ 0 27  0  0  1  0  0  0  1  1  1  0  0  0  0  0  1  0  0  0  0  1  3  0
   3  0  0]
 [ 0  0 10  0 12  0  0  0  0  3  0 10  0  0  1  1  0  0  1  1  0  0  0  0
   0  0  0]
 [ 0  0  5  0 24  0  0  9  0  0  0  0  1  0  0  0  0  0  0  0  0  0  0  0
   0  0  0]
 [ 0  0  0  0  0  6  0  0  0  1  0  0  0  1  0  7  0 23  0  0  0  0  1  0
   0  0  0]
 [ 0  0  0  2  0 21  0  0  1 14  0  0  0  0  0  1  0  0  0  0  0  0  0  0
   0  0  0]
 [ 0  6  1  0  0  0  0  0  1  0 10  0  0  0  0  0 17  0  0  1  0  0  1  1
   1  0  0]
 [ 0  4  0  0  0  0  1  0  2  0 18  0  0  0  0  1  0  0  0  0  0  1  4  0
   8  0  0]
 [ 0  0  0  2  0  0  0  2 11  0  0  0 24  0  0  0  0  0  0  0  0  0  0  0
   0  0  0]
 [ 0  0  0  0  0  0  0  0  4  0  0  0  1  0  2  0  0  0  1  0 18  0 13  0
   0  0  0]
 [ 0  1  1  2  0  0  0  0  5  0  0  0  3  0 24  0  0  0  2  0  0  0  0  1
   0  0  0]
 [ 5  0  0  0  0  1  0  0  0  0  0  1  0  0  3  0  0  1  1  1  5  0  4 17
   0  0  0]
 [ 0  0  0  1  5  0  0  8  1  2  0  0  0  0  0  0  0  0  0  0  0  0  0  0
   0 22  0]
 [ 0  0 15  1 12  0  1  1  0  3  0  0  0  0  0  0  0  0  3  0  0  0  3  0
   0  0  0]
 [ 0  1  0  0  0  3  0  0  6  0  0  0  0  1  3  0  0  1  0  0  0 24  0  0
   0  0  0]
 [ 0  1  0  0  0  1  1  0  0  0  0  0  0 31  0  1  0  0  0  0  0  3  0  0
   1  0  0]
 [ 0  2  0  0  0  1  0  0  0  0  0  0  0  3  0  0  0  2  1  0  0  3  0  0
  27  0  0]
 [ 0  0  0  0  0  0  4  0  0  0  0  0  0  1  0 13  0 20  0  1  0  0  0  0
   0  0  0]
 [ 0  2  0  0  0  0 18  0  0  0  0  0  0  3  0 13  1  0  0  0  0  0  0  0
   2  0  0]
 [ 0  0  0  0  2  0  0  0  0  5  0 32  0  0  0  0  0  0  0  0  0  0  0  0
   0  0  0]]
accuracy of k means is: 50.591715976331365
re ordered matrix : [[29  0  0  0  0  0  0  2  0  0  0  0  0  0  0  0  0  0  0  0  0  0  2  5
   0  0  0]
 [ 0 27  0  0  0  0  2  0  2  0  4  0  0  1  1  0  6  0  0  1  0  1  0  0
   2  0  0]
 [ 0  0 15  0  5  0  0  0  3 10  0  0  0  0  1  0  1  0  4  0  0  0  0  0
   0  0  0]
 [ 1  0  1 31  0  2  0  1  4  0  0  0  2  0  2  0  0  0  0  0  0  0  0  0
   0  1  0]
 [ 0  1 12  0 24  0  0  0  0 12  0  2  0  0  0  0  0  0  1  0  0  0  0  0
   0  5  0]
 [ 0  0  0  0  0 21  0  0  1  0  0  0  0  1  0  0  0  6  0  0  0  3  0  1
   1  0  0]
 [ 0  0  1  0  0  0 18  0  0  0  1  0  0  1  0  4  0  0  0  0  0  0  0  0
   0  0  0]
 [ 0  0  1  0  9  0  0 18  0  0  0  0  2  0  0  0  0  0  8  0  0  0  0  0
   0  8  0]
 [ 0  1  0  0  0  1  0  0  1  0  2  0 11  0  5  0  1  0  5  1  4  6  0  0
   0  1  0]
 [ 5  1  3  6  0 14  0  0  2  3  0  5  0  0  0  0  0  1  1  0  0  0  1  0
   0  2  0]
 [ 0  1  0  0  0  0  0  0  0  0 18  0  0  0  0  0 10  0  0  2  0  0  0  0
   0  0  0]
 [ 1  0  0  0  0  0  0  1  0 10  0 32  0  0  0  0  0  0  4  0  0  0  0  1
   0  0  0]
 [ 0  0  0  2  1  0  0  0  2  0  0  0 24  0  3  0  0  0 10  0  1  0  0  0
   0  0  0]
 [ 0  0  0  0  0  0  3  0  1  0  0  0  0 31  0  1  0  1  0  0  0  1  0  0
   3  0  0]
 [ 0  0  0  0  0  0  0  0 18  1  0  0  0  0 24  0  0  0  0  4  2  3  3  3
   0  0  0]
 [ 0  0  0  0  0  1 13  0  1  1  1  0  0  1  0 13  0  7  0  1  0  0  0  0
   0  0  0]
 [ 0  1  0  0  0  0  1  0  0  0  0  0  0  0  0  0 17  0  0  1  0  0  0  0
   0  0  0]
 [ 0  0  0  0  0  0  0  1  0  0  0  0  0  0  0 20  0 23  0  1  0  1  0  1
   2  0  0]
 [ 1  0  3  0  0  0  0  0  1  1  0  0  0  0  2  0  0  0  5  1  1  0 10  1
   1  0  0]
 [ 0  0  0  0  0  0  0  0  0  1  0  0  0  0  0  1  1  0  1 20  0  0  2  1
   0  0  0]
 [ 0  0  0  0  0  0  0  0  0  0  0  0  0  0  0  0  0  0  0  2 18  0 10  5
   0  0  0]
 [ 0  1  0  0  0  0  0  0  0  0  1  0  0  3  0  0  0  0  0  0  0 24  0  0
   3  0  0]
 [ 0  3  3  0  0  0  0  1  0  0  4  0  0  0  0  0  1  1  0  2 13  0 11  4
   0  0  0]
 [ 0  0  0  0  0  0  0  4  0  0  0  0  0  0  1  0  1  0  0  2  0  0  0 17
   0  0  0]
 [ 0  3  0  0  0  0  2  0  0  0  8  0  0  1  0  0  1  0  0  1  0  0  0  0
  27  0  0]
 [ 2  0  0  0  0  0  0 11  3  0  0  0  0  0  0  0  0  0  0  0  0  0  0  0
   0 22  0]
 [ 0  0  0  0  0  0  0  0  0  0  0  0  0  0  0  0  0  0  0  0  0  0  0  0
   0  0  0]]
accuracy of k means is: 50.591715976331365

run-9

objective fn value:  51108.60257615659
K means labels [25 25 25 ...  7  7  7]
Confusion matrix is:  [[ 0  0  0  0  0  0  0  0  0  0  0  0  0  0  0  0  0  0  0  0  0  0  0  0
   0  0  0]
 [ 9  0  1  0  0  4  0  0  0  0  1  0  0  0  1  2  0  0  0  0  0  0  0  0
   0 21  0]
 [ 5  0  0  6  0  0  1  1  0  1  1  3  0  0  0  2  0  0 18  1  0  0  0  0
   0  0  0]
 [ 0  0  0  6  0  0  0  0  0  1  0  2  0 30  0  0  0  0  0  0  0  0  0  0
   0  0  0]
 [ 1  1  0  1  0  0  0  9  0  6  0  8  1  0  0  0  0  1 11  0  0  0  0  0
   0  0  0]
 [ 0  1  0  3  0  0 30  0  0  0  1  1  0  0  0  1  0  0  1  0  0  0  0  1
   0  0  0]
 [ 0  0  0  0  0  0  0  0  0  0 15  0  0  0  0  9  0  0  0  0  0  0  0 15
   0  0  0]
 [ 0  0  1  3  1  4  1  0  0  5  0  7  0  1  0  0  0  9  0  1  0  0  2  3
   0  1  0]
 [ 0  1  5  0  0 18  0  0  0  0  0  0  0  0  0  1  0  0  0  1  0  3  0  0
   8  2  0]
 [ 2  0  0  1  0  0  0  0  9  0  0  0 25  0  0  0  0  0  0  0  0  0  2  0
   0  0  0]
 [ 0  0  0  4  0  0  0  6 24  0  0  0  2  0  0  0  0  0  3  0  0  0  0  0
   0  0  0]
 [ 0  8  0  0  0  0  0  0  0  0  0  0  0  0 17  1  2  0  0  9  0  0  2  0
   0  0  0]
 [ 0  7  0  8  0  0  0  1  0  0  0  0  0  0  0  2 19  0  0  2  0  0  0  0
   0  0  0]
 [ 0  1  0  0  0  7  0  0  0  1  0  0  0  0  0  0  0  0  0  1  0  1  0  0
  26  2  0]
 [ 0  5 10  0  1  4  0  0  0  0  0  0  0  0  0  3  0  0  0  0  0  0  1  0
  13  2  0]
 [ 1  0  0  3  0  0  0  0  0  9  0 23  0  1  0  0  0  0  2  0  0  0  0  0
   0  0  0]
 [ 0  0  0  0  0  0  0  0  0  5 21  0  0  0  0  6  0  3  0  0  0  0  0  3
   0  1  0]
 [ 0  0  0  0  0  2  0  0  0  5  1  3  0  2  0  0  0 25  0  0  0  0  0  0
   0  1  0]
 [ 2  1  0  2  0  0  0  0  0  0  9  0  0  1  1  0  1  0  0 19  0  0  0  1
   0  2  0]
 [ 1  0  0  4  0  0 16  0  5  1  0  1  0  0  0  0  0  0 11  0  0  0  0  0
   0  0  0]
 [ 0  0  0  0  2  0  0  0 12  0  2  0 13  1  0  7  0  0  1  0  0  0  1  0
   0  0  0]
 [ 0  1  0  0  0  2  0  0  0  5  0  1  0  0  0  0  3  1  0  2  1 23  0  0
   0  0  0]
 [ 0  0  1  0  3  1  0  0  0  0  0  0  0  0  0  0  0  0  0  0 22  2 10  0
   0  0  0]
 [ 0  1 21  0  0  0  0  0  0  0  0  1  0  0  3  0  1  0  0  1  5  5  1  0
   0  0  0]
 [ 0  1  0  0  5  0  0  0  0  0  0  0  0  0 27  1  0  0  0  0  0  0  4  1
   0  0  0]
 [ 0  0  4  0 18  1  0  0  0  0  0  0  0  0  0  0  0  0  0  0  2  0 13  0
   1  0  0]
 [ 0  1  0  2  0  0  0 32  1  0  0  0  1  0  0  0  0  0  2  0  0  0  0  0
   0  0  0]]
accuracy of k means is: 47.73175542406312
re ordered matrix : [[ 0  0  0  1  0  0  0  0  0  1  0  1  2  0  0  0  0  0  5  2  0  0  0  0
   0  9  0]
 [ 5  8  1  0  0  1  1  1  0  1  0  0  0  0  1  0  7  0  0  1  0  1  0  0
   1  0  0]
 [10  0 21  0  4  5  0  0  0  0  0  0  0  0  0  0  0  0  0  0  1  0  1  0
   0  1  0]
 [ 0  0  0  4  0  0  3  2  4  1  0  3  1  6  0  0  8  0  6  2  0  0  3  0
   0  0  0]
 [ 1  0  0  0 18  0  0  0  0  0  0  0  0  0  5  2  0  0  0  0  3  0  1  0
   0  0  0]
 [ 4  0  0  0  1 18  0  0  0  0  0  0  0  0  0  0  0  2  0  0  1  2  4  0
   7  4  0]
 [ 0  0  0 16  0  0 30  0  0  0  0  0  0  0  0  0  0  0  1  0  0  0  1  0
   0  0  0]
 [ 0  0  0  0  0  0  0 32  6  9  0  0  0  0  0  0  1  0  1  0  0  0  0  0
   0  0  0]
 [ 0  0  0  5  0  0  0  1 24  0  0  0  9  0  0 12  0  0  0  0  0  0  0  0
   0  0  0]
 [ 0  0  0  1  0  0  0  0  0  6  5  9  0  1  0  0  0  5  1  0  0  5  5  0
   1  0  0]
 [ 0  0  0  0  0  0  1  0  0  0 21  0  0  0  0  2  0  1  1  9  0  0  0 15
   0  1  0]
 [ 0  0  1  1  0  0  1  0  0  8  0 23  0  2  0  0  0  3  3  0  0  1  7  0
   0  0  0]
 [ 0  0  0  0  0  0  0  1  2  1  0  0 25  0  0 13  0  0  0  0  0  0  0  0
   0  0  0]
 [ 0  0  0  0  0  0  0  0  0  0  0  1  0 30  0  1  0  2  0  1  0  0  1  0
   0  0  0]
 [ 0 17  3  0  0  0  0  0  0  0  0  0  0  0 27  0  0  0  0  1  0  0  0  0
   0  1  0]
 [ 3  1  0  0  0  1  1  0  0  0  6  0  0  0  1  7  2  0  2  0  0  0  0  9
   0  2  0]
 [ 0  2  1  0  0  0  0  0  0  0  0  0  0  0  0  0 19  0  0  1  0  3  0  0
   0  0  0]
 [ 0  0  0  0  0  0  0  0  0  1  3  0  0  0  0  0  0 25  0  0  0  1  9  0
   0  0  0]
 [ 0  0  0 11  0  0  1  2  3 11  0  2  0  0  0  1  0  0 18  0  0  0  0  0
   0  0  0]
 [ 0  9  1  0  0  1  0  0  0  0  0  0  0  0  0  0  2  0  1 19  0  2  1  0
   1  0  0]
 [ 0  0  5  0  2  0  0  0  0  0  0  0  0  0  0  0  0  0  0  0 22  1  0  0
   0  0  0]
 [ 0  0  5  0  0  3  0  0  0  0  0  0  0  0  0  0  0  0  0  0  2 23  0  0
   1  0  0]
 [ 1  2  1  0 13  0  0  0  0  0  0  0  2  0  4  1  0  0  0  0 10  0  2  0
   0  0  0]
 [ 0  0  0  0  0  0  1  0  0  0  3  0  0  0  1  0  0  0  0  1  0  0  3 15
   0  0  0]
 [13  0  0  0  1  8  0  0  0  0  0  0  0  0  0  0  0  0  0  0  0  0  0  0
  26  0  0]
 [ 2  0  0  0  0  2  0  0  0  0  1  0  0  0  0  0  0  1  0  2  0  0  1  0
   2 21  0]
 [ 0  0  0  0  0  0  0  0  0  0  0  0  0  0  0  0  0  0  0  0  0  0  0  0
   0  0  0]]
accuracy of k means is: 47.73175542406312

run -10

objective fn value:  51146.39264534553
K means labels [ 1  1  1 ... 25 25 25]
Confusion matrix is:  [[ 0  0  0  0  0  0  0  0  0  0  0  0  0  0  0  0  0  0  0  0  0  0  0  0
   0  0  0]
 [ 0 14  0  0  2  1  0  0  0  0  0  0  0  0  0  1  0 15  2  0  1  0  2  1
   0  0  0]
 [ 0  0  0 27  3  0  1  0  0  0  0  0  2  0  0  1  0  1  1  3  0  0  0  0
   0  0  0]
 [ 0  0 11  0  0  0  0  0  0  0  0  0  0  4  0  1  0  0  0  1  0  0  0  0
  22  0  0]
 [ 0  0 11  5  0  0 14  1  0  0  0  0  0  0  0  0  0  0  0  0  0  5  0  0
   3  0  0]
 [ 0  0  0  0 20  0  0  0  4  0  0  0  0  0  0  0  0  0  7  3  0  0  0  2
   1  2  0]
 [ 0  1  0  0  9  0  0  0 16  1  0  0  0  0  0  4  0  0  8  0  0  0  0  0
   0  0  0]
 [ 0  0  2  0  0  0  0  0  1  2  0  0  1  1  0  2  0  6  0 14  1  5  0  0
   4  0  0]
 [ 0  1  0  0  0  1  0  0  0  0  0  0  0  0  2  0  1  3  4  0  4  0 23  0
   0  0  0]
 [ 0  0  0  0  0  0  0 23  1  1  9  0  0  0  0  2  0  2  0  0  0  0  0  1
   0  0  0]
 [ 0  0  0  1  0  0 11  2  0  0 20  0  0  0  0  4  0  0  0  0  0  0  0  0
   0  1  0]
 [ 2  0  0  0  0 20  0  0  0  0  0  0  0  2  0  1  8  0  2  0  0  0  0  4
   0  0  0]
 [ 0  0  0  0  0  2  0  0  0  0  0  0  0 24  1  0  0  0  0  0  0  0  0  9
   2  1  0]
 [ 0  3  0  0  0  1  0  0  0  0  0  5  0  0  0  0  0  3  1  0  2  1 23  0
   0  0  0]
 [ 0  3  0  0  0  0  0  0  0  1  0 18  0  0  0  1  0  0  4  0 11  1  0  0
   0  0  0]
 [ 0  0 22  0  0  0  1  0  0  0  0  0  0  0  0  0  0  0  0  0  0  3  0  0
  13  0  0]
 [ 0  0  0  0 15  0  0  0  1  0  0  0  1  0  0  0  0  0 13  0  0  9  0  0
   0  0  0]
 [ 1  0  4  0  1  0  1  0  1  0  0  0 10  0  0  0  0  2  0  1  0 16  0  0
   2  0  0]
 [ 0  2  0  0  7  0  0  0  1  0  0  0 19  0  0  0  1  1  3  0  0  1  0  2
   1  1  0]
 [ 0  0  0 29  0  0  0  0  0  0  3  0  0  0  0  1  0  0  0  6  0  0  0  0
   0  0  0]
 [ 0  0  0  0  0  0  1  8  4  1 10  0  0  0  0 14  0  0  1  0  0  0  0  0
   0  0  0]
 [ 2  0  0  0  0  1  0  0  0  0  0  0  1  1 27  0  0  1  0  0  0  5  0  0
   1  0  0]
 [29  0  0  0  0  0  0  0  0  4  0  0  0  0  2  0  0  0  0  0  4  0  0  0
   0  0  0]
 [ 5  0  0  0  0  2  0  0  0  0  0  5  0  1  5  0  1  0  0  0 18  0  2  0
   0  0  0]
 [ 1  2  0  0  0  6  0  0  0  6  0  0  0  0  0  1 23  0  0  0  0  0  0  0
   0  0  0]
 [ 2  0  0  0  0  0  1  0  0 29  0  0  0  0  0  2  0  0  0  0  3  0  2  0
   0  0  0]
 [ 0  0  0  0  0  0  1  0  0  0  1  0  0  0  0  0  0  0  0  0  0  0  0  9
   0 28  0]]
accuracy of k means is: 49.21104536489152
re ordered matrix : [[29  0  0  0  0  2  0  0  0  2  0  0  0  0  2  0  1  0  0  0  5  1  0  0
   0  0  0]
 [ 0  3  0  0  0  0  0  0  1  0  0  3  2  0  0  0  2 14  0  0  0  0  1  0
   0  0  0]
 [ 0  0 22  0  0  0 11  0  0  0  0  0  0  0  0  0  0  0  0  2  0  4  0  0
  11  0  0]
 [ 0  0  0 29  0  0  5  0  0  0  1  0  0  0  0  0  0  0  0  0  0  0  0  0
   0  0 27]
 [ 0  0  0  0 20  0  0  0  9  0  0  0  7  0  0  0  0  2 15  0  0  1  0  0
   0  0  3]
 [ 0  1  0  0  0 20  0  0  0  0  0  0  0  2  1  0  6  1  0  0  2  0  1  0
   0  0  0]
 [ 0  0  1  0  0  0 14  0  0  1 11  0  0  0  0  1  0  0  0  0  0  1  0  0
   0  1  1]
 [ 0  0  0  0  0  0  1 23  0  0  2  0  0  0  0  8  0  0  0  0  0  0  0  0
   0  0  0]
 [ 0  0  0  0  4  0  0  1 16  0  0  0  1  0  0  4  0  0  1  1  0  1  0  0
   0  0  0]
 [ 4  0  0  0  0  0  0  1  1 29  0  1  0  0  0  1  6  0  0  2  0  0  0  0
   0  0  0]
 [ 0  0  0  3  0  0  0  9  0  0 20  0  0  0  0 10  0  0  0  0  0  0  0  0
   0  1  0]
 [ 0  5  0  0  0  0  0  0  0  0  0 18  0  0  0  0  0  0  0  0  5  0  0  0
   0  0  0]
 [ 0  0  0  0  0  0  0  0  0  0  0  0 19  0  1  0  0  0  1  1  0 10  0  0
   0  0  2]
 [ 0  0  0  0  0  2  0  0  0  0  0  0  0 24  1  0  0  0  0  1  1  0  0  0
   4  0  0]
 [ 2  0  0  0  0  0  0  0  0  0  0  0  0  1 27  0  0  0  0  0  5  0  2  0
   0  0  0]
 [ 0  0  0  1  0  1  0  2  4  2  4  1  0  0  0 14  1  1  0  2  0  0  0  0
   1  0  1]
 [ 0  0  0  0  0  8  0  0  0  0  0  0  1  0  0  0 23  0  0  0  1  0  1  0
   0  0  0]
 [ 0  3  0  0  0  0  0  2  0  0  0  0  1  0  1  0  0 15  0  6  0  2  3  0
   0  0  1]
 [ 0  1  0  0  7  2  0  0  8  0  0  4  3  0  0  1  0  2 13  0  0  0  4  0
   0  0  1]
 [ 0  0  0  6  3  0  0  0  0  0  0  0  0  0  0  0  0  0  0 14  0  1  0  0
   1  0  3]
 [ 4  2  0  0  0  0  0  0  0  3  0 11  0  0  0  0  0  1  0  1 18  0  4  0
   0  0  0]
 [ 0  1  3  0  0  0  5  0  0  0  0  1  1  0  5  0  0  0  9  5  0 16  0  0
   0  0  0]
 [ 0 23  0  0  0  0  0  0  0  2  0  0  0  0  0  0  0  2  0  0  2  0 23  0
   0  0  0]
 [ 0  0  0  0  2  4  0  1  0  0  0  0  2  9  0  0  0  1  0  0  0  0  0  0
   0  9  0]
 [ 0  0 13  0  1  0  3  0  0  0  0  0  1  2  1  0  0  0  0  4  0  2  0  0
  22  0  0]
 [ 0  0  0  0  2  0  0  0  0  0  1  0  1  1  0  0  0  0  0  0  0  0  0  0
   0 28  0]
 [ 0  0  0  0  0  0  0  0  0  0  0  0  0  0  0  0  0  0  0  0  0  0  0  0
   0  0  0]]
accuracy of k means is: 49.21104536489152
